Tabula fastorum Iulianorum.

11666116] 6 6. 666. 11 6611161161 [66116611]
6166 6 66 1 66 4 NJ

66161) 666 61611666]

66. 66 6 66 66.[6]16 66 6]

6. 66 6 66 1161616116 11611. 6]

66 66, 66 6 616 6 6]

66661166 1661 6

66 6 66 6 66 66

66 1 66 6 66 5 6

666 66 16616

6611166166.(6)6 6 66 666116

66. 11 6666666666 611.Ι 66 66. 611

13 11616.6666116.1661616.166 611116

1416 18 66 6116116 16 611 16 6

15611666161661166666616

16616 6611 6616 66116

116 6616 6615 6666616)

186 6616661166166

166 6666116616 66666616

206 GE 18 61112 66166

216 6612 6611 66611116

226 66116616 66116

236 16616 66 6 66661116
246 66 6 66 6 666

256 66 6 66 1 66 6

266 66 1 66 6 661
276 66 ·66 6 66 6
286 66 66 166 6
2616 66 616 6 616 6
366 PR. 66 66 66. 616 6

31 66116 6 666

 

